12199137
12199138
12199146
64160269
64160281
64160301
64160302
64160303
64160304
66152176
66152217
66152219
66152220
66152221
66152222
66152223
66152224
66152225
66152226
66304456
66304457
66304458
66304465
66304466
66304467
68243882
69383269
72921394
78410775
78410776
78410777
78410779
78410780
78410781
78410782
78410783
78410784
78410785
78410786
78410787
106061982
114394426
129313766
131222806
134940802
396732692
397012002
504374962
530684131
530684191
559485742
559485752
559485762
559485772
559485792
559485812
559485842
559485852
798601682
864425432
864425472
1012517172
1012517222
1012517402
1019495992
1019496002
1019496012
1019496022
1019496032
1019496042
1019496052
1019496062
1019496072
1019496082
1019496092
1019496102
1019496112
1019496122
1019496132
1019496142
1019496152
1019496162
1019496172
1019496192
1019496202
1019496222
1019496232
1043944692
1043944762
1043944802
1062660042
1148635622
1148635672
1258347982
1258347992
1258348002
1365668782
1365669002
1365669012
1365669022
1365669032
1365669062
1545562542
1679745927
1679746507
1679746827
1679747287
1679747297
1679747447
1727544447
1727544507
1784890507
1784923097
1784954947
1784954967
1784955007
1784955017
1784955027
1784955037
1784955077
1784955087
1784955097
1784955107
2056822227
2095821257
2095821287
2095821317
2095821327
2095821367
2095821387
2095821407
2095821447
2185825097
2185825137
2615362262
2615362272
2615362282
2615362292
2615362302
2615362312
2615362332
2615362352
2631444372
2700564552
2700564572
2700564592
2700564642
2700564652
2700564712
2772118461
2772181511
2777267731
2777267881
2777267901
2804051942
2814516342
2814516372
2856996072
2877917272
2877917312
2877917382
2877917482
2877917522
2877917692
2877917762
2886696512
2914912981
2914913581
2914913711
2928959211
2928959301
2928959691
2928959701
2928959711
2928959781
2928959801
2934015141
2934015151
2934015161
2934015171
2934015181
2939056391
2939057151
2939057361
2947502351
2957008481
2957008491
2957008501
2957008971
2957009121
2971894081
2971894091
2971894101
2971894111
2971894121
2971894131
2971894141
2971894151
2971894161
2971894171
2971894181
2971894191
2971894201
2971894211
2971894221
2977352761
2977352791
2986510361
2988407911
2988407921
2988407931
2988407961
2988407981
2988408011
2988408041
2997457871
2997458331
2997458341
2997458651
3004853291
3012371811
3012372321
3018016821
3018017021
3018017411
3025481541
3025481551
3025481561
3025481571
3025481631
3027086151
3027086281
3027086501
3027086591
3027086661
3027086691
3027086751
3027086781
3027086831
3027086891
3027086921
3027086941
3027086981
3027087001
3027087061
3027087081
3034257221
3034320341
3034320351
3034320401
3034320741
3034320901
3034321181
3036346431
3036346591
3037558941
3048377661
3048377711
3048377721
3048377731
3050015441
3050016211
3050016331
3050129021
3050129031
3050129041
3050129051
3050129061
3050129071
3050129081
3050129091
3050129101
3050129111
3050129121
3050129131
3050129141
3050129151
3051560601
3051560661
3051560841
3051560991
3055494311
3055494331
3055494421
3055494511
3055494561
3055494581
3055494601
3055494981
3055495041
3055495091
3055495221
3058132491
3058132501
3058132511
3058132521
3058132531
3058132541
3058132551
3058132561
3058132571
3058132581
3058132591
3058132601
3058132611
3058132811
3058132821
3058132831
3058132841
3058132851
3058132861
3058132871
3058132881
3058132891
3058132901
3058132911
3058132921
3058132951
3058133151
3058133161
3058133171
3058133181
3058133191
3058133201
3058133211
3058133221
3058133231
3058133241
3058133251
3058133261
3058133271
3058133291
3058133361
3058133371
3058133381
3058234041
3059860921
3059861001
3059861031
3059861041
3059861051
3059861071
3059861101
3059861121
3059861201
3059861211
3059861261
3059861281
3059861301
3059861311
3059861321
3059861331
3059861371
3059861411
3059861421
3059861431
3059861441
3059861471
3059861491
3059861521
3059861551
3059861561
3059861581
3059861641
3059861801
3059920001
3059920031
3059920241
3064503871
3064541581
3064541741
3064541801
3064541901
3064541931
3064606331
3064606491
3064606661
3064606691
3064606771
3064606811
3064606961
3065866381
3068618111
3068618121
3068618131
3068618141
3068618241
3068618941
3068618951
3068618961
3068618971
3068618981
3068618991
3068619001
3068619011
3068643131
3068643141
3068643151
3068643161
3068643171
3068643181
3068643191
3068643201
3068643211
3068643221
3068643231
3068643241
3068643251
3068643261
3068643281
3068643291
3068643301
3068643311
3068643321
3068643331
3068643341
3068643351
3068643371
3068643381
3068643391
3068643401
3068643411
3068643421
3068643431
3068643441
3068643451
3068643461
3068643471
3068643481
3069848921
3069849031
3069849221
3069849351
3069911871
3069911931
3069912021
3069912071
3069912151
3069912261
3069912301
3069912351
3069912391
3069912441
3069912451
3069912501
3069912561
3069912581
3074344331
3075964511
3075973731
3075973751
3075974011
3075974021
3075974031
3075974041
3075974051
3075974061
3075974071
3075974081
3075974091
3075974101
3075974111
3075974121
3077833141
3077833151
3077833161
3077833761
3079722961
3079723341
3090191461
3090191641
3090280361
3092378821
3092378971
3092379331
3092379461
3092379491
3092379511
3095321471
3095322301
3098201631
3098201691
3098202081
3098202131
3098277701
3098277771
3098277791
3098278051
3098278141
3098278211
3104082551
3104082661
3104082781
3104082871
3104082951
3104083171
3104083221
3106606881
3106607221
3106607631
3112709561
3116803711
3116803731
3116803821
3116803861
3116803971
3116803991
3116804051
3116804101
3116804141
3116804161
3116804171
3116804191
3116804201
3116804211
3116804221
3116804301
3116804321
3116804391
3116804501
3116804511
3116804541
3116804551
3116804571
3118423241
3118423441
3126342861
3126342951
3126342981
3126343081
3126343381
3208477871
3208477891
3210682711
3216372181
3225817481
3234435071
3234435231
3238282661
3238282871
3238283001
3238283011
3238283231
3238283281
3238283301
3275093251
3275093291
3275093311
3275093331
3275093341
3279007661
3279007671
3279007681
3279007701
3283041841
3283041851
3319004581
3319004591
3319004601
3319004611
3319004621
3319004651
3319004661
3319004671
3319004681
3319004691
3319004701
3319004711
3319004721
3320784111
3320784161
3324469801
3324469811
3324469821
3324469831
3324469851
3324469861
3324469871
3324469891
3324469901
3324469911
3324469921
3324469931
3324469941
3324469961
3324469971
3324469981
3324469991
3324470001
3324470021
3324470061
3324470071
3324470081
3324470091
3324470101
3324470121
3324470131
3324470491
3324470501
3324470551
3324470581
3325601421
3328735341
3328735461
3328735471
3328735501
3328735511
3328735541
3328735551
3328735561
3328735571
3328735591
3328735601
3329231971
3329231981
3329231991
3329232001
3329232011
3329232031
3329232041
3329232051
3329232061
3329232071
3329232081
3329232091
3329232101
3329232111
3329232121
3329232151
3329232161
3329232191
3329232201
3329232211
3329232221
3339155611
3351044321
3351044681
3351044921
3351044941
3351044981
3356879951
3356880141
3356880151
3356880161
3356880181
3356880191
3356880201
3356880211
3356880231
3356880241
3356880271
3356880281
3356880341
3356880351
3356880371
3356880381
3356880391
3370318221
3370318321
3370318481
3370318501
3388286301
3388286311
3388286321
3401333021
3401333181
3401333221
3401333231
3401333261
3402523011
3402523031
3411984961
3411984971
3411984981
3411984991
3411985001
3411985011
3411985021
3411985031
3411985041
3411985051
3411985061
3411985071
3411985081
3411985091
3411985101
3411985111
3411985121
3411985131
3411985141
3411985151
3411985161
3411985171
3411985181
3411985191
3411985201
3411985211
3411985221
3411985231
3411985241
3411985251
3411985261
3411985271
3411985281
