561058
561059
570812
600713
718027
718080
761786
819310
960752
960755
967227
967355
1031529
1097447
1097455
1402649
1402670
1402680
1402742
1701456
1701460
1701475
1722815
2031463
2156078
2237585
2497494
2964655
2964656
2964657
2964658
2964659
2964660
2964857
2964858
2964859
2964860
2964861
2964862
2964868
3097302
3144852
3217217
3233187
3271716
3344255
3372459
3372461
3452384
3481199
3486463
3486553
3499647
3502521
3516020
3534699
3534701
3874209
3890339
3914339
4157046
4158280
4184164
4220775
4227547
4773330
5040387
5362110
5400092
6595860
6959011
6973178
6973698
6979981
6981327
6983796
6986861
8627000
8627003
8627005
8627008
8627010
8627012
12343769
13319986
17403324
28869361
33545101
42303541
60779197
61468746
61554469
61792375
62648947
63726755
64084303
64249673
65364677
65364678
65364679
65443547
65445490
65527270
65546000
65547402
65548635
65551090
65551196
65616145
65621248
65623119
65648247
65727871
65764429
65764430
65764431
65780786
65786019
65786021
65786023
65798090
65801176
65858446
65858458
66125595
66125598
66135658
66151199
66243299
66243300
66243301
66243302
66244442
66244443
66244444
66316159
66363662
66399195
66399196
66399375
66436051
66436052
66436057
66436058
66436059
66436060
66436061
66436062
66436063
66436064
66436065
66436066
66436067
66436069
66436070
66611544
66659655
66660205
66688184
66746329
66758632
67238220
67333135
67345027
67345028
67345029
68258903
68258904
68258905
68288531
68294376
68296721
68471233
69036953
69356231
69471816
69627105
69712641
70289020
70289021
70289022
70289023
70289024
70473197
70501365
71120071
71120077
71120078
71604937
71716108
71793320
71793321
71866750
71866752
71868072
71871668
71871738
71873008
71873010
71904784
71912712
71916996
71917000
71929369
71953137
72080696
72082887
75071751
75071761
75231443
76065197
78315261
78358859
80782226
80782230
80782234
80782236
80782238
83378644
84340439
89103147
92098402
95616730
95616732
97442018
97442026
97442048
97442060
103052430
103052434
104700632
104700646
104700652
106889628
107201168
113419562
113954118
113954120
113954122
113954124
113954128
113954132
113954134
115031460
120868564
122243014
122243016
122243020
122243022
124197574
124197586
124197596
124197674
125005566
131304090
133584618
133584622
133584624
133584626
135874336
136804176
136831812
138167535
138167537
138167539
138776823
138776825
138776829
138776831
138776833
138776835
138776837
138776839
138776841
138776843
138776849
138776857
138776859
138776863
138776865
138776867
138776869
138776871
138776873
138776887
138776891
138776893
138776895
140850793
140850795
140850797
141781319
141781329
142264609
144938240
144938242
144938244
387673291
387673361
388195031
396594692
396821682
396969272
397011992
398500982
398579942
400765442
400765452
400765462
400765472
400765482
400765492
400765502
400765622
400765672
400765682
410449652
420704552
446726452
451387932
451387962
451387972
451388002
451654332
463868212
505090012
508801372
513826742
514896412
523592982
523596432
526143462
534738312
535739952
542616802
542616812
590500242
597009352
629615472
629615482
629615492
629615502
629615512
629615522
629615532
629615542
636757782
642701982
642702032
642702052
642702112
642804212
670794152
693414522
711024922
712513292
712540452
727367782
728215972
728282172
736115402
740622612
740622652
741206922
741206932
741206942
750111072
750821552
750821572
750821632
750821692
750821702
761268442
764032872
764032882
764032892
764032902
764032912
768495312
824108542
824108552
824108562
824108572
854419252
859061482
859061512
866224142
884341182
884341192
884341202
884341212
904987932
910157182
930315912
930315932
930493182
934041082
978442302
983253682
983253692
983253702
983256892
983257632
983257992
983258522
983258722
983288192
983663262
983663352
983663792
983663852
983664172
1004038472
1010507052
1010507782
1019488582
1057355072
1057355082
1057357822
1081436522
1107352972
1107352992
1107353052
1116093752
1125783822
1125783962
1131508782
1144114682
1160969852
1180844662
1187096692
1187097032
1230803932
1232092262
1232092272
1232092312
1244890102
1244890112
1244890132
1244890142
1244890152
1251019262
1251019282
1269434462
1269434472
1269434482
1283150392
1283150402
1283591322
1283591332
1324515292
1371730182
1393800332
1399425902
1399425952
1399425962
1399426072
1399426102
1399426112
1399426122
1399426202
1399426292
1399426302
1400789842
1401426352
1401426362
1401426372
1401526762
1401526832
1401526842
1401526852
1401535652
1401740892
1401740922
1401740932
1401770542
1401770582
1401770612
1401770622
1401770652
1401778182
1401792972
1401806602
1401806612
1401806622
1401806632
1401806672
1401806682
1401806692
1401806702
1401806712
1402063702
1402063712
1402063732
1402063772
1402063782
1402063792
1402063842
1402063892
1412873162
1449491872
1465673862
1466750112
1476873192
1476873232
1477639562
1479200452
1479832652
1479970952
1480507182
1480557072
1480977432
1490283542
1490283552
1490283562
1490755912
1498457552
1498458132
1502390692
1503281432
1503281442
1503281462
1503281482
1503281492
1503281522
1503281532
1522558252
1561889862
1571165402
1576097542
1576569692
1587748462
1592066621
1593313751
1593313811
1593313831
1593313891
1593313911
1594574571
1612990232
1636734032
1636734062
1636734072
1636734112
1647699422
1650648682
1655504762
1689084237
1695198527
1708802677
1708802687
1713202647
1718592097
1725783987
1727416287
1727416857
1745126027
1761412217
1762412847
1784890497
1784890517
1785697867
1797830767
1808645467
1825114487
1878390457
1881291027
1881291047
1881291087
1881291107
1915309257
1915309357
1922934577
1936677857
1947593307
1947620087
1947620097
1981770247
1987746617
1995626137
1995960927
2016895047
2018889097
2036415907
2036415917
2036415927
2043678827
2046337667
2050209667
2050209687
2050209697
2071478317
2072703377
2072703387
2072703397
2072703447
2072703457
2072703467
2072703477
2072703517
2072935797
2072935807
2072935817
2072935827
2072935837
2110270187
2115787137
2115787157
2115787167
2174798257
2181196147
2181196157
2181196167
2181196187
2181196197
2185166527
2185166557
2185166567
2185166577
2185166597
2185166607
2185166627
2185166637
2185166647
2195468337
2201686467
2250914677
2263915597
2289061005
2289061015
2289061025
2289061035
2289061045
2305909785
2305909795
2305909805
2306194265
2317937205
2318739265
2325698885
2325698985
2336532165
2345581725
2349024105
2349024215
2371916575
2372450075
2372450105
2372450115
2372450125
2372450135
2372450145
2372450165
2372450185
2372450225
2377598105
2377632155
2381595965
2381595975
2381595985
2381595995
2381596045
2381596215
2381596225
2381596235
2381596245
2381596255
2381596265
2412096695
2426708845
2426708855
2444661905
2448584565
2448690315
2456321555
2466142655
2466142805
2466691625
2466691635
2466691645
2466691655
2466691665
2466691675
2476985011
2513219381
2513219391
2515267131
2526575971
2536744821
2541976361
2563584202
2607050752
2607050782
2607050792
2607050802
2607050812
2607050822
2607050832
2607050842
2607050852
2607050862
2607050872
2608335962
2608335972
2608335982
2608703472
2608703482
2608703492
2608703502
2608717992
2608718002
2608718012
2608740692
2617057592
2617057612
2618841282
2618841292
2618841582
2618841592
2618841602
2618916402
2626516042
2626516132
2631294162
2631298032
2631298042
2631298222
2631298232
2631300442
2631319212
2631355992
2631356002
2631356022
2631356032
2631356052
2631356062
2631356082
2631356092
2631356372
2631356392
2631392042
2631392062
2631407082
2631409622
2631544662
2631546482
2631774902
2631774912
2631774922
2631774932
2631774942
2631774952
2631774962
2631774972
2631774982
2631891962
2632004092
2632205352
2632205362
2632205372
2632205382
2632267612
2632267622
2632397212
2632397222
2632397232
2636123492
2636123602
2642048702
2642048732
2642048762
2642048772
2642048782
2642048812
2655238382
2682014052
2682014072
2682014352
2682014372
2682014382
2682014392
2701182672
2716204192
2747640471
2747640481
2747640491
2747640501
2749305741
2749305761
2749305781
2761411321
2761411401
2767698831
2767698841
2768280881
2768280891
2768280901
2768280911
2768280921
2768280931
2768280941
2768336111
2768336121
2768357331
2768357381
2768393461
2768616881
2768616931
2768616951
2768688641
2768688651
2768745101
2768868321
2768876411
2768877871
2769043401
2769043411
2769043421
2769165581
2769165591
2769165601
2769165611
2769282461
2769692081
2769692171
2769884551
2770041651
2770041661
2770041671
2770102341
2770102351
2770102361
2770102371
2770159131
2770291401
2770291411
2770578331
2770933991
2770934021
2770934031
2770934051
2770934061
2771269321
2771705351
2771705361
2771705371
2771705381
2771724001
2771812811
2771873411
2771873431
2771873441
2771873461
2772036421
2772041321
2772199941
2772199951
2772316921
2772350751
2772361151
2772601101
2772623631
2772768251
2774428581
2774610201
2774619651
2775084031
2775084041
2775713061
2775773871
2775773881
2775773891
2775774381
2775932481
2775966951
2775967021
2775993011
2776050431
2776128151
2776128161
2776128171
2776128181
2776128191
2776128201
2777423811
2777423821
2777423851
2777423881
2777423891
2777601641
2777601671
2777670581
2777670591
2777670601
2777670611
2777670621
2777671001
2777671011
2777671021
2777671031
2777780931
2777780971
2777780981
2777781091
2777781101
2777781111
2777792561
2777792591
2777875481
2777977101
2778073101
2778317561
2778317591
2778317601
2778317611
2778317621
2778317631
2778317641
2778317651
2778317661
2778317671
2778317681
2778317691
2778526581
2778822321
2779073521
2779100101
2779100111
2779100121
2779100141
2779101801
2779101811
2779169771
2779624481
2779954781
2779954791
2779954801
2780066091
2780271221
2780458841
2780461171
2780461181
2780461191
2782590652
2786155982
2786235902
2786235942
2786235952
2786236022
2786236052
2787586202
2787586212
2787586222
2787586232
2787586242
2787586252
2788098702
2788141072
2788141082
2788141092
2788537722
2788693992
2788694002
2788694012
2788694022
2788694032
2788694042
2788694052
2788694062
2788694082
2788694092
2788708222
2788875362
2788903482
2788903542
2788990582
2788990642
2789829242
2790098712
2790348972
2790440502
2790531902
2790982742
2792097922
2792098072
2792127852
2792127862
2792127872
2792500802
2792500812
2792500832
2792500852
2792500862
2792500872
2792500922
2792500952
2792650562
2792714172
2792714462
2793131822
2794088452
2794148322
2794485542
2794570102
2794570112
2794570132
2794570142
2794570172
2794570192
2794570212
2795054742
2795054752
2795054762
2795054772
2795054792
2795079302
2795272112
2795272222
2795301342
2795301352
2795372532
2795432452
2797786332
2797786342
2797786352
2798120992
2798121062
2798121262
2798395472
2798836512
2799018112
2799579912
2799729732
2799953142
2800530732
2800605342
2800927582
2800933492
2800933502
2800933512
2800933522
2802835992
2803331622
2803603502
2803603512
2803899382
2804090082
2804090092
2804090102
2804090112
2804090122
2804090132
2804090212
2804090222
2804090232
2804090252
2804090272
2804090282
2805017242
2805017252
2805017262
2805353912
2805628642
2805628652
2805782472
2830924022
2830924032
2843525682
2856876272
2857516002
2857516172
2866762142
2874493962
2886714282
2891925342
2891925352
2891925362
2891925552
2898825121
2898825131
2898825141
2899048531
2899099031
2899099041
2899099061
2899099121
2899099131
2899099171
2899197761
2899197771
2899197791
2899197801
2899197811
2899197821
2899197831
2899197841
2899197851
2899197861
2899197871
2899197881
2899197891
2899197901
2899197911
2899206161
2899245521
2899245551
2899370311
2899417021
2899417031
2899417041
2899417051
2899422881
2899440931
2899440991
2899527201
2899528541
2912882261
2912882271
2950767011
2981702941
2981702981
2981703011
2981703031
2981703051
2986217481
2986217521
2991582231
2992520991
2992521001
2992521011
2992521021
2992522411
2995907601
2995907611
2995907621
2999731381
3013770741
3013770751
3013770761
3023795211
3023795221
3028830461
3069112781
3079617971
3082415141
3083087081
3106554721
3106554731
3106555011
3106555031
3106555041
3110938631
3110938641
3110938651
3111034931
3111035011
3111035071
3113599521
3133121731
3133140041
3133210591
3133210601
3133210651
3133217141
3152771561
3152771571
3152771581
3168945941
3189154921
3189154931
3189154961
3189154971
3189154981
3195540831
3195541021
3219763861
3219763881
3219763891
3219763911
3241119471
3241119491
3247849171
3270535911
3274444951
3277559421
3288900191
3289245111
3299613211
3299613221
3301076351
3308882491
3324469881
3348478791
3351551281
3351820721
3353139411
3358886281
3366397021
3366397031
3366397051
3366397061
3366397081
3366397091
3366397101
3366397111
3366397121
3366397131
3366397151
3382475401
3388917821
3388917851
3422454201
